00100100010001
0100100010001
100100010001
00100010001
0100010001
100010001
00010001010001
0010001010001
010001010001
10001010001
0001010001
001010001
01010001
1010001
010001100100100
10001100100100
0001100100100
001100100100
01100100100
1100100100
100100100100100100
00100100100100100
0100100100100100
100100100100100
00100100100100010001
0100100100100010001
100100100100010001
00100100100010001
0100100100010001
100100100010001
00100100010001010001
0100100010001010001
100100010001010001
00100010001010001
0100010001010001
100010001010001
00010001010001010001
0010001010001010001
010001010001010001
10001010001010001
0001010001010001
001010001010001
01010001010001
1010001010001
010001010001100100100
10001010001100100100
0001010001100100100
001010001100100100
01010001100100100
1010001100100100
010001100100100100100100
10001100100100100100100
0001100100100100100100
001100100100100100100
01100100100100100100
1100100100100100100
100100100100100100100100100
00100100100100100100100100
0100100100100100100100100
100100100100100100100100
00100100100100100100100010001
0100100100100100100100010001
100100100100100100100010001
00100100100100100100010001
0100100100100100100010001
100100100100100100010001
00100100100100100010001010001
0100100100100100010001010001
100100100100100010001010001
00100100100100010001010001
0100100100100010001010001
100100100100010001010001
00100100100010001010001010001
0100100100010001010001010001
100100100010001010001010001
00100100010001010001010001
0100100010001010001010001
100100010001010001010001
00100010001010001010001010001
0100010001010001010001010001
100010001010001010001010001
00010001010001010001010001
0010001010001010001010001
010001010001010001010001
10001010001010001010001
0001010001010001010001100
001010001010001010001100
01010001010001010001100
1010001010001010001100
010001010001010001100
10001010001010001100
0001010001010001100100
001010001010001100100
01010001010001100100
1010001010001100100
010001010001100100
10001010001100100
0001010001100100100
001010001100100100
01010001100100100
1010001100100100
010001100100100
10001100100100
0001100100100100
001100100100100
01100100100100
1100100100100
100100100100
00100100100010001
0100100100010001
100100100010001
00100100010001
0100100010001
100100010001
00100010001010001
0100010001010001
100010001010001
00010001010001
0010001010001
010001010001
10001010001
0001010001100
001010001100
01010001100
1010001100
010001100
10001100
0001100100
001100100
01100100
1100100
100100
00100010001
0100010001
100010001
00010001
0010001
010001
10001
0001100
001100
01100
1100
100